
1153766740703064104
825617171589759006
792081366862790687
1140715627070374018
1162453480687030292
1145430108329496660
501106612702806016
173110521036406785
1137720716087808021
483043241042640915
1098901539076190230
1074636405130661888
1138689039323648001
1067145854483431547
235148962103951360
913606104972398593
1097538072482160641
1023503298692661278
331823354174767124
981605446102188042
800475135219990579
310845063062093826
784637905896210484
1023535716048830544
727039504841572412
1153734175929667644
1144605745225142362
1100806441855635526
1156957236254482472
1065255831161028702
792373272720310282
813846963145277450
1133352684724957204
783439623304904705
1102771558411423794
1153749194255913083
927292141603012649
465552000503775234
1130853855593250919
218434786459385857
1095826196706635937
1118924007052431440
416358583220043796
1173506993441488908
888649765724758026
1167542682881634400
1016345014445539370
993814960100626554
1166016908584304700
490317441801388055
967223580049948712
1025788011855753256
1148673764108804217
474336808348549132
1176570743077744671
1089621592755146854
276612596449148948